9
11
206 85 388 937 551 559 923 491 716 811 149 
95
981 719 240 868 905 76 673 281 825 306 582 494 699 166 885 20 317 746 933 508 424 508 771 326 136 369 639 586 889 404 8 702 4 401 709 289 642 871 158 487 456 565 202 206 643 108 866 545 630 262 326 27 786 829 406 431 230 63 716 341 759 312 608 343 41 920 724 365 151 927 362 21 319 15 586 311 417 217 200 512 426 154 438 630 36 543 997 564 480 350 746 405 735 127 671 
50
957 643 607 327 535 356 446 523 382 638 976 209 941 245 985 665 272 214 157 379 941 74 929 460 479 720 385 698 320 834 363 875 255 19 44 609 459 895 555 288 559 732 747 803 230 944 228 564 376 11 
3
843 758 774 
72
672 922 740 657 340 275 880 606 653 80 735 21 841 74 511 279 662 863 600 570 502 789 458 688 424 587 424 360 557 534 924 108 177 915 522 419 491 847 873 999 846 983 327 657 232 557 332 195 179 489 163 951 915 913 92 343 279 393 878 12 795 342 731 203 997 199 491 589 278 845 350 590 
28
925 412 600 422 876 647 560 424 267 348 761 919 154 846 80 815 457 643 376 867 813 867 407 580 464 846 456 567 
69
541 410 264 506 381 866 555 22 439 613 172 669 395 168 901 90 950 307 841 316 233 34 518 532 397 950 960 734 635 373 724 470 73 941 106 965 402 71 47 244 388 809 249 808 393 476 212 855 726 344 516 682 8 332 764 411 311 978 55 976 915 290 86 297 567 878 521 951 491 
27
281 581 335 286 901 508 900 285 939 305 493 495 122 370 870 284 125 849 300 386 907 31 357 225 797 485 737 
1
735 
