7
49
839 642 804 306 401 696 841 237 336 150 848 291 789 198 581 807 996 295 94 588 286 793 865 751 921 48 865 118 582 667 307 945 484 509 964 168 59 636 190 430 739 376 810 188 942 542 351 601 155 
53
684 448 316 977 242 419 451 775 830 799 544 568 542 791 214 969 514 142 703 193 797 207 77 109 155 687 891 393 837 309 539 432 579 688 393 310 610 491 479 420 502 821 178 828 873 892 478 245 349 34 798 865 134 
44
606 933 324 499 692 9 536 708 244 304 652 348 819 234 840 935 367 704 218 744 301 728 349 62 18 995 854 886 790 266 315 233 718 936 476 32 617 764 47 884 966 981 567 627 
20
307 284 496 769 84 497 521 639 436 658 663 412 145 436 826 576 366 322 507 101 
41
565 318 922 83 147 472 161 606 11 421 698 906 864 997 175 517 724 335 673 8 895 367 602 359 296 748 37 251 851 645 579 277 332 622 312 349 715 949 957 597 697 
54
374 831 977 806 439 166 2 995 331 548 796 924 830 807 426 174 500 897 167 672 736 241 779 367 169 764 112 37 778 104 824 779 385 234 594 836 947 230 460 307 758 119 739 328 702 624 769 320 972 866 14 387 292 398 
98
905 630 414 265 303 648 16 921 774 346 851 624 310 450 644 786 169 544 66 505 186 892 449 133 96 983 372 703 206 800 55 368 285 280 204 279 859 887 492 235 150 392 73 622 532 835 313 387 245 499 925 57 883 671 659 511 40 972 449 27 553 410 715 862 714 149 230 434 130 184 894 111 208 573 645 546 814 984 877 767 821 413 48 689 114 911 670 759 455 362 319 345 165 571 689 43 560 255 
